MinMax: 1 Array size: 1000 type: crescent time: 4.1369e-06
MinMax: 1 Array size: 10000 type: crescent time: 3.65218e-05
MinMax: 1 Array size: 100000 type: crescent time: 0.000325859
MinMax: 1 Array size: 500000 type: crescent time: 0.00130988
