MinMax: 1 Array size: 1000 type: crescent time: 4.6991e-06
MinMax: 1 Array size: 10000 type: crescent time: 3.55803e-05
MinMax: 1 Array size: 100000 type: crescent time: 0.000358511
MinMax: 1 Array size: 500000 type: crescent time: 0.0012215
